INPUT
5
Damian
3
2000 1500 1000
5
1000 1300 2500 800 1100
2
3000 2000
1
1700
Samantha
4
1500 2000 1700 1200
6
900 1200 1800 1100 1500 1300
3
2500 3000 2000
5
800 1000 1300 1200 900
Jackson
5
1300 1500 1600 1200 1400
4
1700 2100 2000 1900
6
900 1200 1500 1800 2000 2200
7
500 700 900 1100 1300 1500 1700
Olivia
2
3500 3000
3
2000 2500 3000
4
1500 1800 2100 2400
5
1000 1300 1600 1900 2200
Liam
6
1100 1400 1700 2000 2300 2600
7
500 700 900 1100 1300 1500 1700
8
800 1000 1200 1400 1600 1800 2000 2200
3
2700 3000 3300


OUTPUT
SP   1   2   3   4   Total
Damian   4500   6700   5000   1700   17900
Samantha   6400   7800   7500   5200   26900
Jackson   7000   7700   9600   7700   32000
Olivia   6500   7500   7800   8000   29800
Liam   11100   7700   12000   9000   39800

SALES CHAMPION: Liam